============================= test session starts =============================
platform win32 -- Python 3.13.2, pytest-8.3.5, pluggy-1.5.0
rootdir: C:\Users\mpaquin\Desktop\Oracle-Banner-Test-Suite
collected 4 items

tests\test_goremal.py FF                                                 [ 50%]
tests\test_sgbstdn.py .                                                  [ 75%]
tests\test_sybistu.py .                                                  [100%]

================================== FAILURES ===================================
____________________________ test_multiple_emails _____________________________
tests\test_goremal.py:17: in test_multiple_emails
    assert len(rec1Results) == 0
E   assert 126 == 0
E    +  where 126 = len([(1109325, 2), (1325665, 2), (2238981, 2), (2302211, 2), (2309043, 2), (2317275, 2), ...])
------------------------------ Captured log call ------------------------------
ERROR    root:test_goremal.py:19 [(1109325, 2), (1325665, 2), (2238981, 2), (2302211, 2), (2309043, 2), (2317275, 2), (2324701, 2), (2368936, 2), (2389291, 2), (2392801, 2), (2409307, 2), (2414763, 2), (2415955, 2), (2426490, 2), (2435765, 2), (2440038, 2), (2445777, 2), (2446654, 2), (2447361, 2), (2461596, 2), (2484648, 2), (2485259, 2), (2486796, 2), (2487672, 2), (2488063, 2), (2490135, 2), (2491781, 2), (2495573, 2), (2495952, 2), (2501658, 2), (2502809, 2), (2503051, 2), (2509000, 2), (2509344, 2), (2510390, 2), (2510504, 2), (2511683, 2), (2512516, 2), (2513394, 2), (2515581, 2), (2516628, 2), (2519087, 2), (2519700, 2), (2521012, 2), (2522268, 2), (2522751, 2), (2525710, 2), (2526567, 2), (2526906, 2), (2526973, 2), (2527954, 2), (2528307, 2), (2530525, 2), (2530588, 2), (2538736, 2), (2539668, 2), (2539902, 2), (2540280, 2), (2540418, 2), (2540669, 2), (2540872, 2), (2541170, 2), (2542627, 2), (2543261, 2), (2544077, 2), (2544473, 2), (2544717, 2), (2545118, 2), (2545825, 2), (2546100, 2), (2546966, 2), (2546992, 2), (2547237, 2), (2547333, 2), (2547469, 2), (2547566, 2), (2553261, 2), (2553282, 2), (2553721, 2), (2553800, 2), (2554025, 2), (2554050, 2), (2554197, 2), (2554752, 2), (2554837, 2), (2554917, 2), (2554928, 2), (2554995, 2), (2555208, 2), (2557169, 2), (2557492, 2), (2558152, 2), (2558380, 2), (2559009, 2), (2560267, 3), (2560276, 2), (2568864, 2), (2568889, 2), (2569102, 2), (2569204, 2), (2569254, 2), (2569311, 2), (2570063, 2), (2570161, 2), (2570451, 2), (2572790, 2), (2573361, 2), (2573404, 2), (2573504, 2), (2574180, 2), (2575625, 2), (2577027, 2), (2578882, 2), (2583166, 2), (2585437, 2), (2585680, 2), (2585767, 2), (2585910, 2), (2586887, 2), (2587543, 2), (2589998, 2), (2591952, 2), (2592983, 2), (2604518, 2), (2605193, 2), (2620525, 2)]
__________________________ test_improper_MNET_email ___________________________
tests\test_goremal.py:28: in test_improper_MNET_email
    assert len(mnetResults) == 0
E   AssertionError: assert 6 == 0
E    +  where 6 = len([(2138990, 'MNET'), (2217308, 'MNET'), (2249867, 'MNET'), (2466604, 'MNET'), (2489120, 'MNET'), (2505819, 'MNET')])
------------------------------ Captured log call ------------------------------
ERROR    root:test_goremal.py:30 [(2138990, 'MNET'), (2217308, 'MNET'), (2249867, 'MNET'), (2466604, 'MNET'), (2489120, 'MNET'), (2505819, 'MNET')]
=========================== short test summary info ===========================
PASSED tests/test_sgbstdn.py::test_null_data
PASSED tests/test_sybistu.py::test_null_data
========================= 2 failed, 2 passed in 3.67s =========================
